2.44918575791 1.8855841387476144
2.435621988 1.880221419385627
2.38963656588 1.8613157733556593
1.77928885766 1.5407998342368572
3.54054773907 1.8895762413601105
1.61258034512 1.4440572303864523
0.446670739323 0.8680939631801293
0.732559071158 0.9860680062836478
2.40916744889 1.8694792745972006
2.11238934099 1.727756484044603
2.51399332719 1.9097809961907835
4.62494408353 1.3088245852495568
3.23564105158 1.978033265996705
3.09358052184 1.996503198889972
2.29510933507 1.819216836957281
1.49180285774 1.374634951613479
3.8550209013 1.7448776850869216
2.81242343543 1.9860243594614866
4.12873759073 1.5938671692346162
1.09200568114 1.1573481575040208
1.64116177496 1.4606128249598853
1.58809053199 1.4299015749307868
1.10587908958 1.1644569511768188
1.67672873954 1.4812517604529258
3.76125481299 1.792272437702224
3.35123299871 1.9518423424652995
0.461914574209 0.8739824288098501
1.18542683431 1.205883393124376
1.03998854126 1.1310112645666561
0.039429759567 0.7264814622335886
3.56131288831 1.8814420014696778
1.66709584979 1.4756589741629054
2.68402329774 1.9608453397035335
0.805149901726 1.0186030579242211
0.381553145073 0.8434360146913582
2.54262294346 1.9196828603383156
0.021872185489 0.7210197670045329
4.090153364 1.6159176009717395
3.0684545085 1.9981273471640382
3.90123988807 1.7205090405305064
0.473501698658 0.8784880845230367
3.27446435097 1.9703149667662343
2.87062826233 1.993327516928795
2.16680545956 1.756168894672429
3.46633975997 1.9166367391863495
0.634795853726 0.9439135396952181
3.25363642901 1.9745943017723129
0.948491698196 1.0859312241493377
3.59386198993 1.8682257911834603
3.8121102424 1.7669333473960684
2.35326288573 1.8456079227214979
0.911750454162 1.0682863408043775
2.81819708319 1.9868659022053308
0.327503183693 0.8235713205749788
2.38747598768 1.8604008534756635
2.88170551125 1.9944181874873135
4.80690022542 1.209937688959949
1.12780330679 1.1757623009931342
3.4815131544 1.9113679864979651
0.277233130636 0.8055772091973091
1.58087898686 1.4257394111053165
4.58116638424 1.33331784290875
4.40960670064 1.431231259312957
2.4898580377 1.901052201743255
2.07514073415 1.7078355624086132
0.0852685109504 0.7409789707897984
0.602933882455 0.9305852307345084
0.31895643216 0.8204795224979684
3.85768697848 1.7434885639964992
4.01179387007 1.6601018394538984
3.28675177426 1.967641513519222
3.60738775397 1.862572028763315
1.03681250452 1.1294196126158933
2.83000729573 1.9885074136456566
2.57438727566 1.9300748581730502
0.372887436267 0.8402146618294942
3.61486533855 1.8594067645901142
2.87244204984 1.9935126987558662
2.63876010725 1.9491299459669873
1.31597354333 1.2761702466965121
4.59816601449 1.3237783699185317
1.01019043024 1.1161533806499557
3.4894632356 1.9085520131364409
1.51080570826 1.3854829794507166
0.927214300272 1.0756805186554521
2.21106038492 1.778591751085494
0.322232062453 0.8216629040276647
0.806739863581 1.0193274654211204
1.1777641194 1.2018445519035974
2.12458861836 1.7342007543674018
1.66537567978 1.474660450247001
4.44605999935 1.4102205266722183
2.95416746469 1.9991601043433633
2.8549612743 1.9916207607430474
4.17441047102 1.5675848645633246
4.24174198978 1.5286024829987697
2.2632571149 1.8041455400496336
2.01566228912 1.6753447488946671
2.39377999931 1.8630638080634654
2.72031171259 1.9691917826306764
0.574191783116 0.9187338134892892
4.89891043299 1.16199880460695
1.38373833547 1.3136631080149783
0.417337614695 0.8568873825496943
3.72208584154 1.8111322452212044
0.0662725142941 0.7349289789707631
4.49305399168 1.3832769684119697
3.97604376707 1.679920840249032
4.55669624465 1.3471091956138233
4.78107658473 1.2236556422524145
2.19076586513 1.768390411662939
0.164228824836 0.7667771908728341
2.62304882184 1.9447337054855793
3.31757741411 1.960455490003925
1.73356490876 1.5142663942489223
3.11023913084 1.9951507199487863
4.81787179338 1.2041435266800744
4.34353524135 1.469488939846051
0.799033840529 1.0158212085903098
1.25520040033 1.2431122811010398
3.60785640172 1.8623744727905727
4.18244023996 1.5629481458126016
1.74564317231 1.5212801880412252
3.92019431759 1.710349686905547
0.348469929007 0.8312129287285867
1.20773208837 1.2176968960909516
3.7172316179 1.8134269488512358
4.74802264571 1.24137505492424
1.83685727501 1.5740840290208797
4.86433200569 1.1798388438798193
2.21658105812 1.7813419696043178
0.205849040111 0.7808059418352074
0.95255451519 1.0878986167222018
3.56620996003 1.8794894946772065
1.16443040723 1.1948408116893092
3.03688847691 1.9994558442015635
3.46369275605 1.9175415073267852
0.916892124776 1.0707396552605561
3.89818537193 1.7221375903265719
0.829972864385 1.029970305710479
1.40614169216 1.3261923523904409
4.80883326914 1.2089153451206032
1.06448864519 1.1433531353798436
3.00170014506 1.9999988438033782
3.4773677607 1.9128212660301926
4.71386571455 1.2598685999554966
2.85126802805 1.991190495568914
1.05678484509 1.1394602311218127
1.64810338222 1.4646382575697694
2.54382361757 1.920087165731847
1.20344814164 1.2154214748128025
0.899629025838 1.0625233098041305
3.31953753474 1.959975636959699
4.05171737901 1.6377040224325008
1.23541021049 1.2324716153329853
2.20516786716 1.7756444413976882
1.38660324107 1.3152617938150741
1.27317666333 1.2528315816508593
0.715782631915 0.9786987216934248
4.6241927131 1.3092429198382765
2.67289476519 1.9580975602087187
2.49910954615 1.9044386048128645
0.312214766065 0.8180501479993366
2.91985286228 1.9974338712643878
3.88497932405 1.7291499604422926
2.1774392673 1.7616159585390219
4.15552512978 1.5784725824228514
1.60988259753 1.4424963834599722
2.84102145267 1.9899411743067736
4.95123659247 1.1354186274665832
1.36470351359 1.3030683378813916
0.435811908224 0.8639263647494635
3.94451136119 1.6971872669175474
0.699306911449 0.9715162427696958
2.42111607978 1.874376795573926
3.37636296734 1.9449013027169773
3.58603640995 1.871454059921426
3.43706470646 1.9264016115844087
2.80543609178 1.9849717335960007
3.80852032641 1.7687516046382838
3.52098267313 1.897020994711495
4.6434339145 1.2985537304939865
1.74866273921 1.5230332258855186
0.821375222817 1.0260192405623387
3.93960574217 1.6998537758206973
0.343913998359 0.8295455696333368
3.50174744623 1.9041270144847917
3.79288786656 1.7766182638604284
2.26624482988 1.8055767097471616
4.41293422423 1.4293099485296288
0.588990893063 0.9248157262860778
3.19223560313 1.9853266385821624
2.66873670051 1.957048510121993
2.96702164188 1.9995650657627524
4.07631416348 1.6237846312907882
3.91955860596 1.7106918840379732
3.92314307193 1.7087611047210984
2.00978157769 1.6720919015266493
0.551087830087 0.9093247861075404
2.09223682937 1.717022950883291
0.616630085748 0.9362899492716036
0.894290006062 1.0599941219844287
0.315366009096 0.8191846716077897
1.76508339419 1.5325625817002497
0.239116484371 0.7922374805365501
0.232693284528 0.7900150654749444
2.46306194192 1.890965965202486
4.65011141111 1.2948558007853548
0.608544659324 0.93291774304397
3.28573739116 1.9678663728212527
1.17635750062 1.2011042521713715
2.76068949241 1.9773516049214555
0.349192982221 0.8314779011018594
2.19494502079 1.770502658168118
2.80338474281 1.9846556115773024
3.73824441323 1.8034249447999837
4.69655933266 1.269307182573856
0.980068464723 1.1013066179324649
1.96306676326 1.646028070596864
1.44846014985 1.350023966446982
4.51828449224 1.3688902016801727
0.129414027549 0.7552719592295916
2.69196704289 1.9627531080082496
1.96384063077 1.6464628555351077
4.09585216566 1.612671217305881
3.43728977057 1.9263285866818571
0.955139274357 1.089151945764181
2.25653285818 1.8009116027708816
0.341490866665 0.8286603235841379
3.75250050083 1.7965393968090322
4.64301062605 1.298788348335114
2.28871206992 1.8162234275613403
1.04040814126 1.1312216871020147
0.661895190552 0.955407857359682
4.51647700111 1.3699188435409035
1.27359076268 1.2530560698804616
0.763233066871 0.9996874663938607
3.97167795859 1.6823240410365123
4.31196904693 1.487815657141682
1.62235779064 1.4497169887625472
0.597342137993 0.9282668083749183
3.46854857945 1.9158784624525325
1.81472786561 1.5613119312587853
4.46509657645 1.399284801798135
1.44022157565 1.3453683287555613
0.232119602124 0.789816928445717
2.35776676244 1.8475875064905727
1.81729168482 1.5627932779875517
2.97232449568 1.9996936735094002
4.17359160351 1.5680574770106896
0.975655115437 1.0991460258790338
4.12387886872 1.596652468256294
0.611539475357 0.9341652916696269
2.93942418037 1.9985333044177933
1.94018393611 1.6331303114208529
0.0119312606138 0.7179495755186525
0.62801846334 0.9410616468733672
0.789341313081 1.0114279391884764
4.99942074146 1.1113971969279877
1.87686273437 1.5970773950153676
0.447263821956 0.8683222333913594
2.67930245301 1.9596903774205263
3.29292678464 1.9662566368230336
2.38197845245 1.8580623795107407
1.17696181311 1.2014222584433127
3.50093525838 1.904422325189983
0.41506036526 0.8560241864965311
0.51450702674 0.8946404072048425
0.573369857874 0.9183972921252547
2.12161639443 1.7326344842020218
4.23877574076 1.5303236689773818
4.21398130936 1.544699601173441
2.14793295481 1.7464142732823584
4.68891414612 1.2734909748280456
2.88247945126 1.9944907858882195
0.440906315243 0.8658787958398484
2.93045708307 1.9980673823936852
3.27227413488 1.9707799533293502
3.31832721836 1.9602722529647132
1.7075235606 1.4991390415092263
0.694484135401 0.9694240361109834
2.95099711621 1.9990399480233305
3.29077337695 1.9667427124268113
1.20755717962 1.2176039329276216
2.17482038699 1.7602778329306996
0.0439075326595 0.727882418766445
4.16858546873 1.5709457979039334
1.64361911762 1.4620376589610922
4.26817982223 1.51325305630479
0.83420217868 1.0319193070755825
4.573433758 1.3376684866744835
4.31963949866 1.4833607553046702
0.194146130861 0.7768308076898864
2.99110270358 1.9999683357478863
2.5057521276 1.9068391029144318
4.5446875657 1.3539018690841391
3.13796934303 1.9924146623526058
1.90665225168 1.614098361831763
1.52164722656 1.3916863867500373
3.33233421656 1.9567763632309778
3.04287335684 1.999265020306178
4.15828137089 1.576885200745936
0.259298186697 0.7992680987281907
0.904250941311 1.0647173404800547
0.405847545077 0.8525420317822279
4.13902597145 1.587961936575162
1.51286378007 1.3866598069358886
1.85080473039 1.5821158215587001
0.652716016825 0.9514981344991416
1.05493756076 1.138528406777943
0.41630825939 0.8564970820437633
0.551290575622 0.9094068994630538
2.87637487447 1.993905360419662
3.73708273367 1.8039825220938512
1.49806839091 1.3782080524335327
3.81664485057 1.7646304770054906
0.881281448831 1.0538553491618836
1.93891017936 1.6324101033081686
3.42118164223 1.9314736423063847
4.14747804503 1.5831036327443069
3.14093023676 1.9920869002862405
1.69259180178 1.4904648561368932
0.593931433734 0.9268557041800706
0.257336105618 0.7985813848519232
3.05952384448 1.9985837683420242
4.98997653895 1.1160706032806371
3.02724893986 1.9997030422091149
4.5744906806 1.3370734123222825
2.8950948226 1.9956076291945617
2.26196673251 1.8035263291536607
3.22240700326 1.980407874369807
1.29244116282 1.2633030257919384
2.54309833733 1.9198430473875119
4.6946495928 1.270351468417824
3.33283732151 1.9566482345965934
1.81375002584 1.5607468420450108
1.17276196529 1.1992134835342085
1.60391747886 1.4390463692409063
4.26906760481 1.5127374187393632
4.57861260031 1.3347539133724338
4.55920129921 1.345694218077407
2.76720161289 1.9785544134778144
2.0279283952 1.682107515169846
1.38890221882 1.3165454374483667
2.81174593989 1.9859239335488401
0.397229888917 0.8492992929669031
2.97943580205 1.999830859810481
0.66798473638 0.9580108454695968
4.02994679422 1.6499498154193315
3.80127262289 1.7724092474707174
4.68265003865 1.2769253839083858
4.60671548686 1.3189941686095095
2.85770092824 1.9919330592089761
4.48567869199 1.3874934605395743
3.40224723773 1.9373076247704104
2.66467567865 1.9560122572811434
3.0500068889 1.9990002244505485
0.944581631704 1.084040844393177
0.590026012141 0.9252427350726181
4.69659850745 1.2692857666464044
2.5674520064 1.9278603276128392
1.076449621 1.1494192019676066
2.67922879425 1.9596722318424542
0.933422365448 1.078662181764618
1.40785574116 1.3271535153706933
1.13501322443 1.1794990320602032
3.40400775252 1.9367750386299394
4.14020994875 1.5872817520169604
3.15928420938 1.9899026531419612
1.6646729541 1.474252550819491
2.60144983584 1.9384194258451843
0.968300893115 1.0955540895502627
3.05786818544 1.998661405762855
4.13570585014 1.5898686502848276
2.87539566768 1.9938087295764804
2.45281225923 1.887000940212254
1.91453125132 1.6185833033908608
4.45333887108 1.406035911968999
4.10353252204 1.6082900204083272
0.794350383539 1.0136960235995753
2.39510384842 1.8636204930268958
4.45429239539 1.4054880203443696
0.485964045905 0.8833628240190632
1.13578780696 1.1799010324026475
2.93074473935 1.998083322137925
1.41963687357 1.3337694561381954
4.74978063961 1.2404281913988557
2.23410408183 1.7899985970223076
0.347780017118 0.8309601915187967
0.500893498823 0.8892419531800083
2.10472632322 1.723687704895103
4.20493910181 1.549936255684883
1.87808659558 1.5977785287459643
2.87064187542 1.993328916390123
0.736016006786 0.9875935026359505
2.01450117836 1.67470302851505
3.22413041513 1.9801060946562152
1.56203425068 1.4148783378450567
1.3986891803 1.3220175083790677
0.376291176169 0.8414782826675831
1.20795983844 1.2178179518402708
3.8805586978 1.7314867128307514
4.81172137197 1.2073890767965576
4.90117032275 1.1608404053303054
2.84950613978 1.9909814901815301
0.685617441533 0.9655896088103554
0.426105804428 0.8602201351670832
4.39437739609 1.4400323741272052
4.80435072859 1.211287031518819
3.76443389771 1.7907157599583798
3.61771606789 1.8581927140761891
4.90751833629 1.1575914693704568
3.48506802836 1.9101134999027012
2.76908089115 1.978895618533306
2.24847985453 1.7970154175480613
3.5410510514 1.8893818898450079
2.19669646209 1.771386120974206
0.987865306012 1.105132830384157
3.68585626321 1.8280202852490144
0.673934574764 0.960561241719228
3.39645340005 1.939045974078241
2.81554711881 1.9864828324029757
4.2180786961 1.54232548856858
4.48756090289 1.3864169383342846
2.2414066466 1.793572736317748
0.963021508982 1.0929820160141361
2.99069376399 1.9999653581885684
1.87264601718 1.594660565477096
1.9297012325 1.6271964533909564
0.630975385264 0.9423047863194148
1.77910903728 1.5406956080451681
4.04600417235 1.640924734131689
3.22944189124 1.9791619651744283
3.7948222783 1.775649380548607
1.57978626849 1.4251090156356796
1.33208930264 1.285028909133098
4.88060079623 1.1714184184237773
4.64750259289 1.2962998117880513
4.54779567325 1.3521422730630996
4.61074122385 1.3167445829939304
3.48854291252 1.9088799305731259
4.15132843928 1.5808884060636033
4.27276818119 1.5105879732558314
1.61660914905 1.446388821652512
4.52823856849 1.3632311514389508
1.70179343306 1.4958101705444613
2.828182219 1.9882607716264928
3.28921054495 1.9670933841737177
2.574454858 1.9300962869049276
4.20235899154 1.5514297862053472
4.48243096862 1.3893517018695591
3.6223505814 1.856210424303492
1.21458270954 1.2213419886773116
1.80080553529 1.5532611627552344
1.1231159261 1.173337937881187
1.37448388692 1.3085061504453206
2.33407689324 1.8370690308039677
1.27775301756 1.2553139528901835
4.07837091596 1.622616987755962
0.853192297209 1.0407144874125323
1.77911652528 1.5406999482106751
2.72221326168 1.9696029320248754
0.287856213169 0.8093414893685191
4.76037777767 1.2347310198553723
3.87689040672 1.7334216636438406
3.50766803815 1.9019626371049234
0.768840500219 1.0021975472785853
0.629656668746 0.9417501619171652
2.26491812837 1.8049416333879182
1.14012586134 1.1821544128465382
4.14207262112 1.5862114139289656
2.36787732148 1.8519962112870658
0.0279871269584 0.7229162751500965
1.18165744098 1.2038953727061008
0.552075124163 0.9097247227622579
3.02576546076 1.999734491664748
3.43852158726 1.9259283405433354
4.75655336432 1.2367849953487517
4.03261133079 1.6484550407716851
3.25303872542 1.9747123874436077
1.42895211535 1.3390122707886727
4.81250992069 1.2069726016485824
0.563840360766 0.9145052969085963
2.26040223889 1.8027746997868268
4.96749018862 1.1272663862484769
1.96637661169 1.6478869870858788
1.03021196278 1.1261178943596641
0.0995189958473 0.7455570361318096
0.704090895346 0.9735962055695551
2.18023276345 1.7630408493216752
0.536483590838 0.9034310696338153
0.698852933548 0.9713191011877594
2.16866394498 1.7571234904433384
2.64799360854 1.9516351630253859
2.16152678276 1.753451610219216
0.399268051693 0.8500649732793665
3.5134645439 1.8998238688678557
2.46471266844 1.891599067688546
0.988693163157 1.1055397812260777
2.59531098179 1.9365683986998203
