-10.0 0.05747126436781609
-9.9 0.05833965346245843
-9.8 0.05922767116796966
-9.7 0.060135907150159366
-9.6 0.06106497313141183
-9.5 0.06201550387596899
-9.4 0.06298815822625346
-9.3 0.06398362019323052
-9.2 0.06500260010400417
-9.1 0.06604583581005218
-9.0 0.06711409395973154
-8.9 0.0682081713389264
-8.8 0.06932889628397115
-8.7 0.07047713017125944
-8.6 0.07165376898824878
-8.5 0.07285974499089254
-8.4 0.07409602845287493
-8.3 0.07536362951239732
-8.2 0.07666360012266177
-8.1 0.07799703611262773
-8.0 0.07936507936507936
-7.9 0.080768920119538
-7.8 0.08220979940808944
-7.7 0.08368901163277263
-7.6 0.08520790729379686
-7.5 0.08676789587852494
-7.4 0.08837044892188052
-7.3 0.09001710324961741
-7.2 0.09170946441672781
-7.1 0.09344921035417252
-7.0 0.09523809523809523
-6.9 0.09707795359673818
-6.8 0.09897070467141723
-6.7 0.10091835704914726
-6.6 0.1029230135858378
-6.5 0.10498687664041995
-6.4 0.1071122536418166
-6.3 0.10930156301235107
-6.2 0.11155734047300314
-6.1 0.11388224575788636
-6.0 0.11627906976744186
-5.9 0.11875074219213869
-5.8 0.12130033964095098
-5.7 0.1239310943115628
-5.6 0.12664640324214793
-5.5 0.12944983818770225
-5.4 0.13234515616728426
-5.3 0.13533631073216942
-5.2 0.13842746400885936
-5.1 0.141622999575131
-5.0 0.14492753623188406
-4.9 0.1483459427384661
-4.8 0.15188335358444713
-4.7 0.1555451858764971
-4.6 0.15933715742511154
-4.5 0.16326530612244897
-4.4 0.16733601070950468
-4.3 0.171556013038257
-4.2 0.17593244194229415
-4.1 0.18047283883775492
-4.0 0.18518518518518517
-3.9 0.19007793195210035
-3.8 0.19516003122560502
-3.7 0.20044097013429546
-3.6 0.20593080724876445
-3.5 0.21164021164021163
-3.4 0.21758050478677107
-3.3 0.22376370552696354
-3.2 0.23020257826887658
-3.1 0.23691068467187873
-3.0 0.24390243902439024
-2.9 0.25119316754584275
-2.8 0.2587991718426501
-2.7 0.26673779674579884
-2.6 0.27502750275027504
-2.5 0.28368794326241137
-2.4 0.2927400468384075
-2.3 0.30220610456331215
-2.2 0.31210986267166035
-2.1 0.32247662044501774
-2.0 0.3333333333333333
-1.9 0.34470872113064455
-1.8 0.3566333808844508
-1.7 0.3691399040236249
-1.6 0.3822629969418961
-1.5 0.39603960396039606
-1.4 0.4105090311986863
-1.3 0.4257130693912303
-1.2 0.4416961130742049
-1.1 0.45850527281063735
-1.0 0.47619047619047616
-0.9 0.49480455220188024
-0.8 0.5144032921810701
-0.7 0.5350454788657035
-0.6 0.5567928730512249
-0.5 0.5797101449275363
-0.4 0.6038647342995169
-0.3 0.6293266205160479
-0.2 0.6561679790026246
-0.1 0.6844626967830253
-3.5527136788e-14 0.7142857142857034
0.1 0.7457121551081283
0.2 0.778816199376947
0.3 0.8136696501220504
0.4 0.8503401360544216
0.5 0.8888888888888888
0.6 0.929368029739777
0.7 0.9718172983479106
0.8 1.016260162601626
0.9 1.0626992561105206
1.0 1.1111111111111112
1.1 1.1614401858304297
1.2 1.2135922330097086
1.3 1.267427122940431
1.4 1.3227513227513226
1.5 1.3793103448275863
1.6 1.4367816091954022
1.7 1.4947683109118086
1.8 1.5527950310559007
1.9 1.6103059581320451
2.0 1.6666666666666667
2.1 1.721170395869191
2.2 1.773049645390071
2.3 1.8214936247723132
2.4 1.8656716417910446
2.5 1.9047619047619047
2.6 1.937984496124031
2.7 1.9646365422396856
2.8 1.9841269841269842
2.9 1.9960079840319362
3.0 2.0
3.1 1.9960079840319362
3.2 1.9841269841269842
3.3 1.9646365422396856
3.4 1.937984496124031
3.5 1.9047619047619047
3.6 1.8656716417910446
3.7 1.8214936247723132
3.8 1.773049645390071
3.9 1.721170395869191
4.0 1.6666666666666667
4.1 1.6103059581320454
4.2 1.5527950310559004
4.3 1.4947683109118088
4.4 1.4367816091954022
4.5 1.3793103448275863
4.6 1.322751322751323
4.7 1.2674271229404308
4.8 1.2135922330097089
4.9 1.1614401858304295
5.0 1.1111111111111112
5.1 1.0626992561105209
5.2 1.016260162601626
5.3 0.9718172983479106
5.4 0.9293680297397768
5.5 0.8888888888888888
5.6 0.8503401360544219
5.7 0.8136696501220504
5.8 0.778816199376947
5.9 0.7457121551081282
6.0 0.7142857142857143
6.1 0.6844626967830254
6.2 0.6561679790026246
6.3 0.6293266205160479
6.4 0.6038647342995168
6.5 0.5797101449275363
6.6 0.556792873051225
6.7 0.5350454788657035
6.8 0.5144032921810701
6.9 0.49480455220188024
7.0 0.47619047619047616
7.1 0.45850527281063735
7.2 0.4416961130742049
7.3 0.4257130693912303
7.4 0.4105090311986863
7.5 0.39603960396039606
7.6 0.3822629969418961
7.7 0.3691399040236249
7.8 0.3566333808844508
7.9 0.34470872113064455
8.0 0.3333333333333333
8.1 0.32247662044501774
8.2 0.3121098626716605
8.3 0.30220610456331215
8.4 0.2927400468384075
8.5 0.28368794326241137
8.6 0.27502750275027504
8.7 0.2667377967457989
8.8 0.25879917184265006
8.9 0.25119316754584275
9.0 0.24390243902439024
9.1 0.23691068467187873
9.2 0.23020257826887666
9.3 0.22376370552696348
9.4 0.21758050478677107
9.5 0.21164021164021163
9.6 0.20593080724876445
9.7 0.2004409701342955
9.8 0.19516003122560496
9.9 0.19007793195210035
