-20.0 -9.541888871238776E11
-19.9 -9.338058688833596E11
-19.8 -8.971357497912012E11
-19.7 -8.547149058316814E11
-19.6 -8.059236288006716E11
-19.5 -7.446495505329436E11
-19.4 -6.645894481821948E11
-19.3 -5.630138040470884E11
-19.2 -4.4245138478320557E11
-19.1 -3.103683376634317E11
-19.0 -1.7737971688768704E11
-18.9 -5.476715176248867E10
-18.8 4.7921284034657745E10
-18.7 1.245947355832601E11
-18.6 1.733568646467923E11
-18.5 1.9624561172365076E11
-18.4 1.9820428729864468E11
-18.3 1.8565010123206293E11
-18.2 1.6502974828269513E11
-18.1 1.416793025499263E11
-18.0 1.1917396293221423E11
-17.9 9.920496457125684E10
-17.8 8.189408832920335E10
-17.7 6.637577271705284E10
-17.6 5.14520130129107E10
-17.5 3.615037737463396E10
-17.4 2.00745003188651E10
-17.3 3.508698139076101E9
-17.2 -1.2695570047306822E10
-17.1 -2.7377812150538464E10
-17.0 -3.9378403674992584E10
-16.9 -4.781390736466252E10
-16.8 -5.2256688634594696E10
-16.7 -5.279206418062238E10
-16.6 -4.995986835664455E10
-16.5 -4.461262459696263E10
-16.4 -3.773534069873989E10
-16.3 -3.0271911591387478E10
-16.2 -2.2992863144667862E10
-16.1 -1.6423158634823885E10
-16.0 -1.083186694516553E10
-15.9 -6.271705757014612E9
-15.8 -2.6483024240797E9
-15.7 2.028723359440282E8
-15.6 2.4504630146403403E9
-15.5 4.2237515624075723E9
-15.4 5.595427845748972E9
-15.3 6.587286778923431E9
-15.2 7.190905870621824E9
-15.1 7.393660231018476E9
-15.0 7.201412187834098E9
-14.9 6.652049584084209E9
-14.8 5.8176643687972145E9
-14.7 4.796534373488062E9
-14.6 3.6984476825420237E9
-14.5 2.6279360514558353E9
-14.4 1.6696995914401207E9
-14.3 8.792481366697321E8
-14.2 2.8005169073874664E8
-14.1 -1.3321229864630303E8
-14.0 -3.870102240806467E8
-13.9 -5.1924586687068146E8
-13.8 -5.698319393062627E8
-13.7 -5.733462159721049E8
-13.6 -5.547560512244306E8
-13.5 -5.2832632923055685E8
-13.4 -4.9911752900687397E8
-13.3 -4.6605863983581513E8
-13.2 -4.2547780252902496E8
-13.1 -3.7414500363125294E8
-13.0 -3.112266921201785E8
-12.9 -2.389543029188916E8
-12.8 -1.6216259094428608E8
-12.7 -8.708879270267853E7
-12.6 -1.9912352795972064E7
-12.5 3.453031031309794E7
-12.4 7.356001320292345E7
-12.3 9.68803048778767E7
-12.2 1.0626381820238951E8
-12.1 1.0486822876372E8
-12.0 9.640412006137106E7
-11.9 8.436665059802721E7
-11.8 7.148490205321121E7
-11.7 5.9461098884741805E7
-11.6 4.899079922504989E7
-11.5 3.999350683245824E7
-11.4 3.195113002935352E7
-11.3 2.4250351755869273E7
-11.2 1.6447917515148034E7
-11.1 8414447.83081248
-11.0 351130.5308354591
-10.9 -7294944.52275417
-10.8 -1.3972676063058695E7
-10.7 -1.9178007368891206E7
-10.6 -2.257432826327411E7
-10.5 -2.405820299361572E7
-10.4 -2.3764405352063954E7
-10.3 -2.2019759593118623E7
-10.2 -1.92652468913668E7
-10.1 -1.596914468237814E7
-10.0 -1.2551314844657706E7
-9.9 -9332072.712268187
-9.8 -6510787.049468908
-9.7 -4171743.4501661398
-9.6 -2309451.281126644
-9.5 -863203.0395351555
-9.4 248831.80906377113
-9.3 1103143.0952981294
-9.2 1755648.5701281335
-9.1 2237784.1008710717
-9.0 2561342.165289067
-8.9 2728089.582447831
-8.8 2740088.8298129053
-8.7 2607544.653893462
-8.6 2352444.4881332214
-8.5 2007780.140734771
-8.4 1613347.207393578
-8.3 1209799.0566579998
-8.2 832742.6414363544
-8.1 508308.3012655115
-8.0 250996.80598421604
-7.9 63917.19591331566
-7.8 -59042.735903425084
-7.7 -129915.33392529037
-7.6 -163108.64985746602
-7.5 -172370.21615781184
-7.4 -168734.78629255464
-7.3 -159611.511314257
-7.2 -148885.12375319202
-7.1 -137719.48394462097
-7.0 -125680.61896417677
-6.9 -111828.90535676021
-6.8 -95533.60551386667
-6.7 -76896.1798475443
-6.6 -56793.41118360743
-6.5 -36640.526389108076
-6.4 -18016.275987684832
-6.3 -2288.554087829728
-6.2 9657.036698268434
-6.1 17535.189252831442
-6.0 21626.105381218735
-5.9 22626.708153211574
-5.8 21445.816146545498
-5.7 19001.53122027823
-5.6 16065.133728127237
-5.5 13174.505351495769
-5.4 10618.48194195199
-5.3 8476.889638483031
-5.2 6692.11590248446
-5.1 5147.117291086561
